"LOCATION" "FINAL_MARGIN" "SHOT_NUMBER" "PERIOD" "DRIBBLES" "TOUCH_TIME" "SHOT_DIST" "PTS_TYPE" "SHOT_RESULT" "CLOSE_DEF_DIST"
"1" "H" 19 1 1 0 0.6 25.2 3 "missed" 4.1
"2" "H" 19 2 1 0 1 1.2 2 "made" 5.3
"3" "H" 19 3 1 7 5.2 27.5 3 "missed" 4.7
"4" "H" 19 4 1 0 0.9 24.4 3 "made" 5.8
"5" "H" 19 5 1 5 5 23.4 3 "made" 3.2
"6" "H" 19 6 1 0 0.7 26.6 3 "made" 4.7
"7" "H" 19 7 3 12 9.3 26.3 3 "missed" 6.1
"8" "A" 19 1 1 0 1 23.2 3 "made" 6.3
"9" "A" 19 2 1 8 6.3 24.5 3 "made" 4.8
"10" "A" 19 3 1 0 0.9 24.3 3 "made" 2.1
"11" "A" 19 4 1 0 0.8 27.7 3 "made" 11.7
"12" "A" 19 5 1 4 3.1 27 3 "missed" 4.2
"13" "A" 19 6 1 7 7.2 25.1 3 "made" 5.9
"14" "A" 19 7 1 3 2.7 2.6 2 "missed" 1.6
"15" "A" 19 8 2 1 1.8 24.9 3 "made" 3.5
"16" "A" 19 9 2 5 4 6.1 2 "made" 3
"17" "A" 19 10 2 2 3.9 28.7 3 "made" 5
"18" "A" 19 11 2 5 5 28.7 3 "missed" 3.7
"19" "A" 19 12 3 4 3.2 28.8 3 "missed" 4.9
"20" "A" 19 13 3 0 0.5 5.4 2 "made" 2
"21" "A" 19 14 3 8 4.6 24.8 3 "missed" 5.6
"22" "A" 19 15 3 2 2.2 3.5 2 "missed" 2.3
"23" "A" 19 16 3 0 1 23.9 3 "made" 6.6
"24" "A" 19 17 3 0 0.4 23.7 3 "missed" 5.3
"25" "A" 19 18 3 0 0.9 24 3 "made" 6.7
"26" "A" 19 19 3 4 3.4 25.7 3 "missed" 5.7
"27" "A" 19 20 3 4 2.8 41.7 3 "missed" 6
"28" "H" 34 1 1 12 8.3 24.7 3 "missed" 4
"29" "H" 34 2 1 0 0.9 23.2 3 "made" 8
"30" "H" 34 3 1 0 0 24.8 3 "missed" 3.8
"31" "H" 34 4 1 4 3.5 4.4 2 "made" 5.7
"32" "H" 34 5 1 0 0.8 25.7 3 "missed" 7.7
"33" "H" 34 6 1 9 8.4 18.4 2 "missed" 5.5
"34" "H" 34 7 1 0 0.6 24.3 3 "made" 4.2
"35" "H" 34 8 1 0 0.7 25.1 3 "missed" 4.6
"36" "H" 34 9 2 2 2.8 15 2 "made" 2.4
"37" "H" 34 10 2 9 8.6 14.3 2 "missed" 6.6
"38" "H" 34 11 2 1 0.9 32 3 "missed" 8.4
"39" "H" 34 12 3 4 3.9 8.9 2 "made" 6.1
"40" "H" 34 13 3 0 0.8 25 3 "missed" 4.7
"41" "H" 34 14 3 0 1.2 23.3 3 "made" 6.5
"42" "H" 34 15 3 5 5 4.5 2 "made" 0
"43" "H" 34 16 3 0 2 26.6 3 "missed" 7.1
"44" "H" 34 17 3 3 3.4 3.7 2 "made" 0
"45" "H" 34 18 3 0 0.7 25.7 3 "missed" 6.2
"46" "H" 34 19 3 2 2.4 8.1 2 "missed" 4.2
"47" "H" 34 20 3 5 8 27.1 3 "made" 5.7
"48" "H" 34 21 3 3 2.4 5 2 "made" 0
"49" "A" 13 1 1 2 2.1 4.4 2 "made" 2.3
"50" "A" 13 2 1 0 0.8 24.1 3 "missed" 3.8
"51" "A" 13 3 1 0 0.7 25 3 "missed" 2.7
"52" "A" 13 4 1 0 0.7 23.5 3 "made" 7.8
"53" "A" 13 5 1 3 4.3 3.9 2 "made" 4.6
"54" "A" 13 6 1 0 1.4 26.8 3 "missed" 6.4
"55" "A" 13 7 1 0 1.6 15.7 2 "missed" 2.6
"56" "A" 13 8 2 10 7.4 9.5 2 "made" 3.5
"57" "A" 13 9 2 0 0.7 27.2 3 "missed" 5.3
"58" "A" 13 10 2 7 8.1 3.8 2 "missed" 1.6
"59" "A" 13 11 3 5 4.5 14.7 2 "made" 6.8
"60" "A" 13 12 3 4 5.3 21.7 2 "made" 2.8
"61" "A" 13 13 3 2 2.8 25.5 3 "missed" 4.1
"62" "A" 13 14 3 0 1.2 24.6 3 "made" 2
"63" "A" 13 15 3 3 2.9 3.6 2 "missed" 2.1
"64" "A" 13 16 3 0 0 25 3 "made" 2.6
"65" "H" 12 1 1 10 7.6 23.8 3 "made" 5.4
"66" "H" 12 2 1 6 6.3 0.4 2 "missed" 3.1
"67" "H" 12 3 1 0 7.3 25.7 2 "made" 6.2
"68" "H" 12 4 1 0 0 18.6 3 "missed" 5.2
"69" "H" 12 5 1 0 1.2 25.5 3 "missed" 7.9
"70" "H" 12 6 1 0 0 19.4 3 "made" 15.5
"71" "H" 12 7 1 2 1.6 24 3 "missed" 0.1
"72" "H" 12 8 2 0 0.8 25.5 3 "missed" 2.9
"73" "H" 12 9 2 17 13.8 2.2 2 "made" 3.1
"74" "H" 12 10 3 7 6 6.4 2 "made" 0.2
"75" "H" 12 11 3 9 7.9 4.8 2 "made" 0.4
"76" "H" 12 12 3 4 3.3 29.2 3 "missed" 4.1
"77" "H" 12 13 3 0 0.9 24.2 3 "missed" 7.1
"78" "H" 12 14 3 9 9.2 20 2 "made" 8.4
"79" "H" 12 15 3 15 13.3 12.9 2 "missed" 2.4
"80" "H" 12 16 4 7 6.6 24.6 3 "missed" 3.7
"81" "H" 12 17 4 0 1.1 24.6 3 "made" 7.9
"82" "H" 12 18 4 7 8.7 17.7 3 "missed" 4.2
"83" "H" 12 19 4 0 0.5 2.6 2 "missed" 3.2
"84" "H" 12 20 4 0 1 3.9 2 "made" 1.7
"85" "A" 7 1 1 7 5.7 26 3 "made" 5.3
"86" "A" 7 2 1 2 2.9 27.7 3 "missed" 3.3
"87" "A" 7 3 2 14 9.2 24.8 3 "missed" 5.4
"88" "A" 7 4 2 9 6.7 5.8 2 "missed" 5.4
"89" "A" 7 5 2 6 5.3 4.2 2 "missed" 3.6
"90" "A" 7 6 2 0 0 23.4 3 "made" 4.5
"91" "A" 7 7 2 9 7.5 25.7 3 "missed" 7.1
"92" "A" 7 8 2 2 3.9 1.2 2 "made" 1.8
"93" "A" 7 9 2 22 18.8 25.2 3 "made" 3.3
"94" "A" 7 10 3 0 0 34.6 3 "missed" 14.5
"95" "A" 7 11 3 0 0.9 21 2 "made" 6.9
"96" "A" 7 12 3 5 4.2 3.8 2 "made" 4.2
"97" "A" 7 13 3 13 10.5 24 3 "missed" 4.4
"98" "A" 7 14 3 1 2.4 6.6 2 "made" 1
"99" "A" 7 15 3 8 8.2 28.7 3 "missed" 3.4
"100" "A" 7 16 3 2 3.5 3 2 "made" 2.4
"101" "A" 7 17 3 11 9 26.4 3 "missed" 6.2
"102" "A" 7 18 3 3 4 19.4 2 "missed" 3.9
"103" "A" 7 19 4 1 1.7 24.3 3 "made" 4.3
"104" "A" 7 20 4 0 0.7 24.6 3 "made" 3.2
"105" "A" 7 21 4 14 12.5 24.7 3 "missed" 4.6
"106" "A" 7 22 4 0 1.9 24.8 3 "made" 6
"107" "H" 5 1 1 1 2 24.2 3 "missed" 4.3
"108" "H" 5 2 1 1 2.5 3.5 2 "missed" 0.5
"109" "H" 5 3 1 6 5.3 2.8 2 "made" 0.2
"110" "H" 5 4 1 2 3 4.9 2 "missed" 2.5
"111" "H" 5 5 1 0 1.9 25 3 "made" 7
"112" "H" 5 6 1 1 0.8 24.2 3 "missed" 2.5
"113" "H" 5 7 1 0 1.2 23.1 3 "missed" 11.4
"114" "H" 5 8 1 10 7.6 21.2 2 "missed" 6
"115" "H" 5 9 1 1 1.3 27.7 3 "made" 6.2
"116" "H" 5 10 2 8 7.3 4.5 2 "made" 4.5
"117" "H" 5 11 2 1 1.2 7.3 2 "made" 5.2
"118" "H" 5 12 2 3 4.8 24.3 3 "missed" 4.4
"119" "H" 5 13 2 0 0.8 24.6 3 "made" 17
"120" "H" 5 14 3 2 3.5 21 2 "made" 6.2
"121" "H" 5 15 3 7 6.5 1.6 2 "made" 1.6
"122" "H" 5 16 3 0 0.8 24.3 3 "missed" 5.3
"123" "H" 5 17 3 8 6.7 10.6 2 "made" 0.9
"124" "H" 5 18 3 10 7.8 24.7 3 "made" 6.1
"125" "H" 5 19 3 15 14 9.5 2 "made" 1
"126" "H" 5 20 4 0 0 8.7 2 "missed" 2.3
"127" "H" 5 21 4 11 8.7 26.3 3 "made" 6.6
"128" "H" 5 22 4 13 12 16.1 2 "made" 6
"129" "H" 5 23 4 12 10.4 2.8 2 "missed" 2.8
"130" "H" 8 1 1 2 3.9 6.2 2 "made" 1.9
"131" "H" 8 2 1 1 2.4 23.4 3 "missed" 7
"132" "H" 8 3 1 0 0.8 21.8 3 "missed" 6.2
"133" "H" 8 4 1 4 5.6 28.7 3 "missed" 7.7
"134" "H" 8 5 1 7 5.5 4 2 "missed" 1.1
"135" "H" 8 6 1 0 0.7 24.1 3 "made" 5
"136" "H" 8 7 1 5 5.2 5.9 2 "missed" 1.4
"137" "H" 8 8 1 6 6.5 28.5 3 "missed" 4.7
"138" "H" 8 9 1 0 1.8 17.3 2 "missed" 3.7
"139" "H" 8 10 2 0 0.9 23.9 3 "made" 2.8
"140" "H" 8 11 2 6 5.1 17.7 2 "made" 3.6
"141" "H" 8 12 3 0 0.6 24.5 3 "missed" 3.1
"142" "H" 8 13 3 8 6.6 5.3 2 "made" 4.4
"143" "H" 8 14 3 4 4.6 21.1 2 "made" 5.2
"144" "H" 8 15 3 3 3.1 28.3 3 "missed" 5.3
"145" "H" 8 16 3 3 2 11.6 2 "made" 3.3
"146" "H" 8 17 3 0 1.1 25.9 3 "made" 5.3
"147" "H" 8 18 3 0 0.9 3.5 2 "made" 3
"148" "H" 8 19 3 0 0.9 24.9 3 "missed" 8.1
"149" "H" 8 20 3 6 5.4 25.6 3 "missed" 6.4
"150" "H" 8 21 3 0 1.1 26.7 3 "missed" 8.9
"151" "H" 8 22 4 0 0.7 25 3 "made" 5.2
"152" "H" 8 23 4 0 0.8 9.1 2 "missed" 0.8
"153" "H" 8 24 4 0 0.8 25.7 3 "missed" 5.4
"154" "H" 8 25 4 0 0.7 23.8 3 "made" 5.2
"155" "H" 8 26 4 3 3.5 3.4 2 "made" 3.4
"156" "H" 8 27 4 7 4.6 18.3 2 "missed" 4.1
"157" "H" 8 28 4 5 4.5 4 2 "missed" 0
"158" "H" 8 29 5 0 0.7 24.6 3 "missed" 4.1
"159" "H" 8 30 5 2 1.7 3 2 "made" 5.4
"160" "H" 8 31 5 11 10 17.2 2 "missed" 5.2
"161" "A" 16 1 1 1 1.7 0.3 2 "made" 1
"162" "A" 16 2 1 1 1.7 25.1 3 "missed" 5.9
"163" "A" 16 3 1 0 0.5 23 3 "made" 3.5
"164" "A" 16 4 1 4 4 28.8 3 "missed" 5.4
"165" "A" 16 5 1 2 2 14.7 2 "missed" 2.1
"166" "A" 16 6 2 0 0.7 24.6 3 "missed" 3.7
"167" "A" 16 7 2 6 4.8 4.1 2 "made" 2.6
"168" "A" 16 8 2 9 5.1 6.3 2 "missed" 3.5
"169" "A" 16 9 2 24 19.9 27.8 3 "missed" 4.9
"170" "A" 16 10 3 3 2.7 12.5 2 "missed" 2.8
"171" "A" 16 11 3 0 0 23.2 2 "made" 4.2
"172" "A" 16 12 3 12 10 25 3 "missed" 3.8
"173" "A" 16 13 3 2 2.8 20.5 2 "missed" 7.1
"174" "A" 16 14 3 0 2.8 14 2 "missed" 2
"175" "A" 16 15 3 2 2.9 6 2 "made" 3.2
"176" "A" 16 16 3 5 5.6 28.1 3 "made" 4
"177" "A" 16 17 3 6 4.9 28.9 3 "missed" 4.5
"178" "A" 16 18 3 18 15.1 3.7 2 "made" 1.1
"179" "A" 16 19 3 3 3.6 33.8 3 "made" 3.6
"180" "A" 16 20 4 0 1 23.1 3 "missed" 5
"181" "A" 16 21 4 3 3.8 3.9 2 "made" 4
"182" "H" 14 1 1 4 5 13.4 2 "made" 4.4
"183" "H" 14 2 1 2 1.9 6.7 2 "missed" 4.5
"184" "H" 14 3 1 1 1.9 17.4 2 "missed" 4.8
"185" "H" 14 4 1 2 2.5 9.6 2 "missed" 0.4
"186" "H" 14 5 1 2 2.7 22.7 3 "missed" 4
"187" "H" 14 6 2 0 0.8 25 3 "made" 4
"188" "H" 14 7 2 8 7.5 14.8 2 "missed" 4.2
"189" "H" 14 8 2 3 3.9 2.4 2 "made" 1.5
"190" "H" 14 9 2 7 7.7 24.1 3 "missed" 7.2
"191" "H" 14 10 2 16 15.5 2.7 2 "made" 3.5
"192" "H" 14 11 3 9 6.9 1.8 2 "missed" 1.7
"193" "H" 14 12 3 0 0.8 21.9 3 "missed" 3.7
"194" "H" 14 13 3 1 1.4 25.1 3 "made" 4.4
"195" "H" 14 14 3 0 1.6 24.6 3 "missed" 3.7
"196" "H" 14 15 3 2 2.8 4.5 2 "missed" 0.1
"197" "H" 14 16 3 1 1.1 19.8 2 "missed" 5.5
"198" "H" 14 17 3 17 15.8 12.9 2 "made" 4.1
"199" "H" 14 18 4 13 10.4 26.1 3 "made" 4.3
"200" "A" 9 1 1 0 0.7 28.3 3 "missed" 4.2
"201" "A" 9 2 1 0 1.1 17.5 2 "missed" 2
"202" "A" 9 3 1 0 1.8 3.7 2 "made" 2.3
"203" "A" 9 4 1 1 1.2 28.1 3 "missed" 5.4
"204" "A" 9 5 1 0 0.8 23.1 3 "missed" 3.8
"205" "A" 9 6 2 0 1.2 26.8 3 "missed" 12
"206" "A" 9 7 3 0 0.7 23.1 2 "made" 4.4
"207" "A" 9 8 3 8 6.5 11.5 2 "made" 2.7
"208" "A" 9 9 3 6 5.4 26.9 3 "missed" 1
"209" "A" 9 10 3 5 4.9 2.2 2 "made" 2.9
"210" "A" 9 11 3 0 0.9 23.6 3 "missed" 6.3
"211" "A" 9 12 3 1 2.1 24.2 3 "missed" 5.4
"212" "A" 9 13 3 9 6.1 10.1 2 "made" 3.7
"213" "A" 9 14 3 3 3.6 4.3 2 "made" 2.2
"214" "A" 9 15 3 0 0.7 23.6 3 "missed" 7.1
"215" "A" 9 16 4 1 2 16.3 2 "missed" 2.3
"216" "A" 9 17 4 0 0.8 25.8 3 "made" 2.8
"217" "A" 9 18 4 0 1 23 3 "made" 10.5
"218" "H" 15 1 1 0 1.5 26.2 3 "missed" 6.9
"219" "H" 15 2 1 1 1.5 2.6 2 "missed" 3.8
"220" "H" 15 3 1 0 0.6 22.5 3 "made" 3.4
"221" "H" 15 4 1 0 0.6 23.9 3 "missed" 5.5
"222" "H" 15 5 1 1 1.6 28.8 3 "made" 5
"223" "H" 15 6 1 1 1.7 24.4 3 "made" 7.4
"224" "H" 15 7 1 5 4.7 14.9 2 "missed" 5
"225" "H" 15 8 1 0 1 22.5 3 "missed" 6.8
"226" "H" 15 9 1 0 0.7 25.4 3 "made" 5.4
"227" "H" 15 10 1 1 1 46.9 3 "missed" 3.4
"228" "H" 15 11 2 1 2.3 2 2 "made" 0.9
"229" "H" 15 12 2 1 1.7 23.8 3 "made" 2.8
"230" "H" 15 13 2 0 0.6 25.9 3 "made" 4.9
"231" "H" 15 14 3 4 3.7 27.1 3 "missed" 4.8
"232" "H" 15 15 3 0 0.7 24.1 3 "missed" 4.8
"233" "H" 15 16 3 0 0.6 22.5 3 "made" 4.4
"234" "H" 15 17 3 6 12 21.8 3 "missed" 2.5
"235" "H" 15 18 3 1 1.5 11.2 2 "made" 6.6
"236" "H" 15 19 3 0 1.3 23.6 3 "made" 3.1
"237" "H" 15 20 3 4 3.2 2.2 2 "made" 3.2
"238" "H" 15 21 3 0 0.6 23.8 2 "made" 3.5
"239" "H" 15 22 4 6 8.2 26.7 3 "missed" 4.2
"240" "H" 4 1 1 1 1.6 25 3 "made" 3.4
"241" "H" 4 2 2 8 7.8 26.6 3 "made" 9.5
"242" "H" 4 3 2 0 0 31.1 3 "made" 10
"243" "H" 4 4 2 0 0.9 17.6 2 "missed" 3.6
"244" "H" 4 5 2 0 0.7 22.5 3 "missed" 9.6
"245" "H" 4 6 2 0 0.9 26.1 3 "made" 5.9
"246" "H" 4 7 3 4 3.5 15.1 2 "missed" 1.7
"247" "H" 4 8 3 9 7.6 27.9 3 "missed" 5.3
"248" "H" 4 9 3 5 6 9.4 2 "missed" 4.3
"249" "H" 4 10 3 1 1.8 24.9 3 "missed" 3.6
"250" "H" 4 11 3 1 4.1 11 2 "missed" 2.9
"251" "H" 4 12 3 0 0.8 24.7 3 "missed" 6.4
"252" "H" 4 13 4 10 7.6 25.3 3 "made" 6.4
"253" "H" 4 14 4 0 3.3 25.2 3 "made" 4.8
"254" "H" 4 15 4 5 6.6 16.3 2 "missed" 3.1
"255" "H" 4 16 4 0 1.4 22.7 2 "made" 2.7
"256" "H" 4 17 4 6 7.5 27.7 3 "made" 5.2
"257" "H" 50 1 1 0 0.7 26.8 3 "made" 4.5
"258" "H" 50 2 1 5 4 17 2 "made" 3.9
"259" "H" 50 3 1 6 5.7 24.5 3 "missed" 1.2
"260" "H" 50 4 1 0 0.8 26 3 "missed" 5.6
"261" "H" 50 5 1 9 6.6 25.6 3 "missed" 4.9
"262" "H" 50 6 1 1 1.3 5.2 2 "missed" 0.2
"263" "H" 50 7 2 0 2.5 27 3 "missed" 8.1
"264" "H" 50 8 2 2 1.4 13.7 2 "made" 2.8
"265" "H" 50 9 3 2 1.6 17.8 2 "made" 5.2
"266" "H" 50 10 3 12 8.4 23.9 3 "made" 3.7
"267" "H" 50 11 3 4 5.9 3.8 2 "missed" 2.9
"268" "H" 50 12 3 3 4.4 2.6 2 "made" 2.9
"269" "H" 50 13 3 4 4.6 2.3 2 "made" 3.1
"270" "H" 50 14 3 1 2 24.2 3 "made" 9
"271" "H" 50 15 3 1 1.4 21.4 3 "made" 2
"272" "H" 50 16 3 1 2.1 11.3 2 "made" 7.2
"273" "A" 14 1 1 0 4.5 31 3 "made" 6.8
"274" "A" 14 2 1 4 4.8 27.8 3 "missed" 7.5
"275" "A" 14 3 1 0 0.7 19.5 2 "made" 5
"276" "A" 14 4 1 3 4.3 27.7 3 "made" 3.8
"277" "A" 14 5 1 6 5.1 27.5 3 "missed" 3.4
"278" "A" 14 6 1 1 1.4 12 2 "missed" 2.1
"279" "A" 14 7 2 14 10 10.5 2 "made" 1.2
"280" "A" 14 8 2 0 0.7 23.4 3 "missed" 4.8
"281" "A" 14 9 3 4 3.4 27 3 "missed" 4.7
"282" "A" 14 10 3 12 10.1 27.4 3 "made" 5.6
"283" "A" 14 11 3 11 8.8 27.8 3 "made" 0.5
"284" "A" 14 12 3 5 5.2 26.5 3 "made" 6.9
"285" "A" 14 13 3 9 6.5 14.7 2 "made" 4.8
"286" "A" 14 14 3 7 4.5 19 2 "missed" 2.4
"287" "A" 14 15 3 6 4.9 3.7 2 "made" 4.7
"288" "A" 14 16 3 0 1.9 26.9 3 "made" 3.8
"289" "A" 14 17 3 8 5.2 4.6 2 "made" 6.4
"290" "A" 14 18 3 2 2.4 3.5 2 "made" 4.9
"291" "A" 14 19 3 9 7.3 1.6 2 "made" 1.6
"292" "A" 14 20 3 4 6 27.1 3 "made" 3.1
"293" "A" 14 21 3 20 17.4 26 3 "missed" 0.7
"294" "A" 14 22 4 4 3.9 17.3 2 "made" 2.6
"295" "A" 14 23 4 5 4.9 16.7 2 "missed" 2.7
"296" "A" 14 24 4 15 13.7 14.5 2 "made" 4.5
"297" "A" 14 25 4 8 6.8 28.3 3 "made" 4.1
"298" "A" 14 26 4 1 2.5 19 3 "missed" 0
"299" "A" 14 27 4 10 7.3 7.7 2 "missed" 1.6
"300" "A" 20 1 1 8 4.9 19.6 2 "missed" 4.5
"301" "A" 20 2 1 5 7 25.6 3 "made" 6.1
"302" "A" 20 3 1 0 1.2 24.1 3 "made" 10.8
"303" "A" 20 4 1 3 3.6 28.8 3 "made" 5.2
"304" "A" 20 5 1 0 0.7 25.1 3 "missed" 7.3
"305" "A" 20 6 1 0 1.6 23.9 3 "missed" 2.6
"306" "A" 20 7 2 1 1.6 22.8 3 "missed" 0
"307" "A" 20 8 2 0 0.9 23.5 3 "made" 3.7
"308" "A" 20 9 2 4 5 4.1 2 "made" 2.6
"309" "A" 20 10 2 0 1.4 26.3 3 "missed" 13.4
"310" "A" 20 11 3 3 3.2 9.3 2 "made" 4
"311" "A" 20 12 3 6 6.4 10.2 2 "made" 3.4
"312" "A" 20 13 4 0 0.6 4.1 2 "made" 11.1
"313" "A" 20 14 4 0 0.4 8.3 2 "made" 6.5
"314" "A" 20 15 4 9 11 25.6 3 "missed" 5.6
"315" "H" 16 1 1 0 0.5 1.7 2 "made" 1.1
"316" "H" 16 2 1 3 3.5 27.1 3 "missed" 5.1
"317" "H" 16 3 1 0 0.6 1.5 2 "missed" 3
"318" "H" 16 4 1 5 4.5 28.3 3 "made" 6.2
"319" "H" 16 5 1 3 3.3 3.9 2 "made" 1.9
"320" "H" 16 6 1 4 4.5 25 3 "made" 3.7
"321" "H" 16 7 1 9 9.6 22.8 2 "made" 5.5
"322" "H" 16 8 1 3 2.8 27.7 3 "made" 4.3
"323" "H" 16 9 1 1 1.7 24.5 3 "made" 6.1
"324" "H" 16 10 1 0 0.8 25.8 3 "missed" 10.1
"325" "H" 16 11 1 2 3.9 3.7 2 "made" 3.7
"326" "H" 16 12 1 0 2.9 4.9 2 "made" 2.6
"327" "H" 16 13 1 2 3.3 37.7 3 "missed" 3.8
"328" "H" 16 14 2 0 1.4 23.9 3 "missed" 2.2
"329" "H" 16 15 2 1 4.6 10.8 2 "made" 5.1
"330" "H" 16 16 2 0 0.6 23.9 3 "missed" 5.9
"331" "H" 16 17 2 0 0.6 23.4 3 "missed" 4.7
"332" "H" 16 18 2 5 4 4.4 2 "made" 2.3
"333" "H" 16 19 3 0 2.5 2.6 2 "made" 3.4
"334" "H" 16 20 3 0 0 1.1 2 "made" 4.3
"335" "H" 16 21 3 0 2.7 3.8 2 "missed" 0.8
"336" "H" 16 22 3 8 7.1 25.2 3 "missed" 5.9
"337" "H" 16 23 3 0 0.4 5.7 2 "missed" 5.4
"338" "H" 16 24 3 0 2.2 25.2 3 "made" 9.4
"339" "H" 16 25 4 9 11.1 13.5 2 "missed" 4.2
"340" "H" 16 26 4 10 10.8 2 2 "missed" 5
